1 255 255 229 
2 253 254 228 
3 252 253 227 
4 251 252 227 
5 249 252 226 
6 248 251 226 
7 247 250 225 
8 245 250 225 
9 244 249 224 
10 243 248 223 
11 241 248 223 
12 240 247 222 
13 239 246 222 
14 237 246 221 
15 236 245 221 
16 235 244 220 
17 233 244 220 
18 232 243 219 
19 231 242 218 
20 229 242 218 
21 228 241 217 
22 227 240 217 
23 225 240 216 
24 224 239 216 
25 223 238 215 
26 221 238 214 
27 220 237 214 
28 219 236 213 
29 218 235 213 
30 216 235 212 
31 215 234 212 
32 214 233 211 
33 212 233 211 
34 211 232 210 
35 210 231 209 
36 208 231 209 
37 207 230 208 
38 206 229 208 
39 204 229 207 
40 203 228 207 
41 202 227 206 
42 200 227 205 
43 199 226 205 
44 198 225 204 
45 196 225 204 
46 195 224 203 
47 194 223 203 
48 192 223 202 
49 191 222 202 
50 190 221 201 
51 188 221 200 
52 187 220 200 
53 186 219 199 
54 185 218 199 
55 183 218 198 
56 182 217 198 
57 181 216 197 
58 179 216 196 
59 178 215 196 
60 177 214 195 
61 175 214 195 
62 174 213 194 
63 173 212 194 
64 171 212 193 
65 170 211 193 
66 169 210 192 
67 167 210 191 
68 166 209 191 
69 165 208 190 
70 163 208 190 
71 162 207 189 
72 161 206 189 
73 159 206 188 
74 158 205 187 
75 157 204 187 
76 155 204 186 
77 154 203 186 
78 153 202 185 
79 152 201 185 
80 150 201 184 
81 149 200 184 
82 148 199 183 
83 146 199 182 
84 145 198 182 
85 144 197 181 
86 142 197 181 
87 141 196 180 
88 140 195 180 
89 138 195 179 
90 137 194 178 
91 136 193 178 
92 134 193 177 
93 133 192 177 
94 132 191 176 
95 130 191 176 
96 129 190 175 
97 128 189 175 
98 126 189 174 
99 125 188 173 
100 124 187 173 
101 122 187 172 
102 121 186 172 
103 120 185 171 
104 119 184 171 
105 117 184 170 
106 116 183 169 
107 115 182 169 
108 113 182 168 
109 112 181 168 
110 111 180 167 
111 109 180 167 
112 108 179 166 
113 107 178 166 
114 105 178 165 
115 104 177 164 
116 103 176 164 
117 101 176 163 
118 100 175 163 
119 99 174 162 
120 97 174 162 
121 96 173 161 
122 95 172 160 
123 93 172 160 
124 92 171 159 
125 91 170 159 
126 89 170 158 
127 88 169 158 
128 87 168 157 
129 86 167 157 
130 84 167 156 
131 83 166 155 
132 82 165 155 
133 80 165 154 
134 79 164 154 
135 78 163 153 
136 76 163 153 
137 75 162 152 
138 74 161 151 
139 72 161 151 
140 71 160 150 
141 70 159 150 
142 68 159 149 
143 67 158 149 
144 66 157 148 
145 64 157 148 
146 63 156 147 
147 62 155 146 
148 60 155 146 
149 59 154 145 
150 58 153 145 
151 56 153 144 
152 55 152 144 
153 54 151 143 
154 53 151 143 
155 52 150 142 
156 51 149 141 
157 51 148 140 
158 50 147 139 
159 50 146 138 
160 49 145 137 
161 49 144 136 
162 48 143 135 
163 48 142 134 
164 47 142 133 
165 47 141 132 
166 46 140 131 
167 46 139 130 
168 45 138 129 
169 45 137 129 
170 44 136 128 
171 44 135 127 
172 43 134 126 
173 43 134 125 
174 42 133 124 
175 42 132 123 
176 41 131 122 
177 41 130 121 
178 40 129 120 
179 40 128 119 
180 39 127 118 
181 38 126 117 
182 38 126 116 
183 37 125 115 
184 37 124 115 
185 36 123 114 
186 36 122 113 
187 35 121 112 
188 35 120 111 
189 34 119 110 
190 34 118 109 
191 33 117 108 
192 33 117 107 
193 32 116 106 
194 32 115 105 
195 31 114 104 
196 31 113 103 
197 30 112 102 
198 30 111 102 
199 29 110 101 
200 29 109 100 
201 28 109 99 
202 28 108 98 
203 27 107 97 
204 27 106 96 
205 26 105 95 
206 25 104 94 
207 25 103 93 
208 24 102 92 
209 24 101 91 
210 23 101 90 
211 23 100 89 
212 22 99 88 
213 22 98 88 
214 21 97 87 
215 21 96 86 
216 20 95 85 
217 20 94 84 
218 19 93 83 
219 19 93 82 
220 18 92 81 
221 18 91 80 
222 17 90 79 
223 17 89 78 
224 16 88 77 
225 16 87 76 
226 15 86 75 
227 15 85 75 
228 14 84 74 
229 14 84 73 
230 13 83 72 
231 12 82 71 
232 12 81 70 
233 11 80 69 
234 11 79 68 
235 10 78 67 
236 10 77 66 
237 9 76 65 
238 9 76 64 
239 8 75 63 
240 8 74 62 
241 7 73 61 
242 7 72 61 
243 6 71 60 
244 6 70 59 
245 5 69 58 
246 5 68 57 
247 4 68 56 
248 4 67 55 
249 3 66 54 
250 3 65 53 
251 2 64 52 
252 2 63 51 
253 1 62 50 
254 1 61 49 
255 0 60 48 
256 0 60 48 
